55,172,0.2422907488986784,1.5
85,142,0.3744493392070485,1.5
98,130,0.4298245614035088,1.5
87,137,0.38839285714285715,1.5
127,101,0.5570175438596491,1.5
70,158,0.30701754385964913,1.5
96,129,0.4266666666666667,1.5
54,174,0.23684210526315788,1.5
73,155,0.3201754385964912,1.5
66,160,0.2920353982300885,1.5
53,173,0.2345132743362832,1.5
74,155,0.3231441048034934,1.5
50,178,0.21929824561403508,1.5
89,137,0.3938053097345133,1.5
46,182,0.20175438596491227,1.5
63,165,0.27631578947368424,1.5
53,174,0.23348017621145375,1.5
63,163,0.27876106194690264,1.5
80,144,0.35714285714285715,1.5
49,175,0.21875,1.5
65,159,0.29017857142857145,1.5
57,170,0.2511013215859031,1.5
85,141,0.37610619469026546,1.5
79,147,0.3495575221238938,1.5
71,158,0.31004366812227074,1.5
75,148,0.336322869955157,1.5
53,174,0.23348017621145375,1.5
63,163,0.27876106194690264,1.5
120,110,0.5217391304347826,1.5
83,144,0.3656387665198238,1.5
68,156,0.30357142857142855,1.5
52,178,0.22608695652173913,1.5
57,170,0.2511013215859031,1.5
62,169,0.2683982683982684,1.5
60,166,0.26548672566371684,1.5
70,156,0.30973451327433627,1.5
63,165,0.27631578947368424,1.5
98,130,0.4298245614035088,1.5
79,149,0.34649122807017546,1.5
64,164,0.2807017543859649,1.5
71,157,0.31140350877192985,1.5
57,169,0.252212389380531,1.5
68,160,0.2982456140350877,1.5
55,173,0.2412280701754386,1.5
57,170,0.2511013215859031,1.5
75,152,0.3303964757709251,1.5
50,178,0.21929824561403508,1.5
63,162,0.28,1.5
62,165,0.27312775330396477,1.5
68,159,0.29955947136563876,1.5
58,171,0.25327510917030566,2.0
74,151,0.3288888888888889,2.0
61,168,0.2663755458515284,2.0
56,172,0.24561403508771928,2.0
50,175,0.2222222222222222,2.0
47,179,0.2079646017699115,2.0
42,184,0.18584070796460178,2.0
34,193,0.14977973568281938,2.0
58,170,0.2543859649122807,2.0
62,166,0.2719298245614035,2.0
66,161,0.2907488986784141,2.0
58,170,0.2543859649122807,2.0
40,184,0.17857142857142858,2.0
70,157,0.30837004405286345,2.0
63,160,0.2825112107623318,2.0
54,174,0.23684210526315788,2.0
56,171,0.24669603524229075,2.0
64,163,0.28193832599118945,2.0
56,171,0.24669603524229075,2.0
62,166,0.2719298245614035,2.0
49,179,0.2149122807017544,2.0
52,177,0.22707423580786026,2.0
58,168,0.25663716814159293,2.0
69,155,0.3080357142857143,2.0
58,168,0.25663716814159293,2.0
41,187,0.17982456140350878,2.0
91,136,0.4008810572687225,2.0
46,183,0.20087336244541484,2.0
61,167,0.2675438596491228,2.0
44,183,0.19383259911894274,2.0
56,173,0.2445414847161572,2.0
47,182,0.2052401746724891,2.0
52,174,0.23008849557522124,2.0
57,171,0.25,2.0
67,163,0.29130434782608694,2.0
41,186,0.18061674008810572,2.0
52,176,0.22807017543859648,2.0
42,188,0.1826086956521739,2.0
57,169,0.252212389380531,2.0
53,172,0.23555555555555555,2.0
47,179,0.2079646017699115,2.0
53,177,0.23043478260869565,2.0
58,168,0.25663716814159293,2.0
32,195,0.14096916299559473,2.0
58,170,0.2543859649122807,2.0
43,181,0.19196428571428573,2.0
54,172,0.23893805309734514,2.0
63,165,0.27631578947368424,2.0
43,185,0.18859649122807018,2.0
50,177,0.22026431718061673,2.0
26,202,0.11403508771929824,3.0
48,179,0.21145374449339208,3.0
44,185,0.19213973799126638,3.0
34,195,0.14847161572052403,3.0
38,193,0.1645021645021645,3.0
34,192,0.1504424778761062,3.0
59,168,0.2599118942731278,3.0
57,168,0.25333333333333335,3.0
28,199,0.12334801762114538,3.0
31,197,0.13596491228070176,3.0
26,203,0.11353711790393013,3.0
31,196,0.13656387665198239,3.0
27,202,0.11790393013100436,3.0
33,194,0.14537444933920704,3.0
51,178,0.22270742358078602,3.0
39,188,0.17180616740088106,3.0
57,169,0.252212389380531,3.0
59,168,0.2599118942731278,3.0
44,183,0.19383259911894274,3.0
77,151,0.33771929824561403,3.0
32,196,0.14035087719298245,3.0
47,179,0.2079646017699115,3.0
49,178,0.21585903083700442,3.0
39,186,0.17333333333333334,3.0
29,200,0.12663755458515283,3.0
67,161,0.29385964912280704,3.0
74,158,0.31896551724137934,3.0
54,176,0.23478260869565218,3.0
32,195,0.14096916299559473,3.0
27,201,0.11842105263157894,3.0
28,197,0.12444444444444444,3.0
44,184,0.19298245614035087,3.0
66,161,0.2907488986784141,3.0
99,132,0.42857142857142855,3.0
55,172,0.2422907488986784,3.0
36,192,0.15789473684210525,3.0
30,201,0.12987012987012986,3.0
174,57,0.7532467532467533,3.0
47,184,0.20346320346320346,3.0
40,191,0.17316017316017315,3.0
50,178,0.21929824561403508,3.0
87,141,0.3815789473684211,3.0
33,197,0.14347826086956522,3.0
48,181,0.2096069868995633,3.0
58,169,0.2555066079295154,3.0
59,169,0.25877192982456143,3.0
24,202,0.10619469026548672,3.0
48,179,0.21145374449339208,3.0
48,179,0.21145374449339208,3.0
52,178,0.22608695652173913,3.0
63,166,0.27510917030567683,4.0
52,180,0.22413793103448276,4.0
32,198,0.1391304347826087,4.0
66,163,0.28820960698689957,4.0
63,167,0.27391304347826084,4.0
94,134,0.41228070175438597,4.0
135,95,0.5869565217391305,4.0
49,177,0.2168141592920354,4.0
46,180,0.20353982300884957,4.0
87,142,0.3799126637554585,4.0
36,190,0.1592920353982301,4.0
88,146,0.37606837606837606,4.0
59,168,0.2599118942731278,4.0
135,98,0.5793991416309013,4.0
66,160,0.2920353982300885,4.0
129,102,0.5584415584415584,4.0
78,153,0.33766233766233766,4.0
55,172,0.2422907488986784,4.0
54,176,0.23478260869565218,4.0
50,178,0.21929824561403508,4.0
85,149,0.36324786324786323,4.0
38,192,0.16521739130434782,4.0
102,128,0.4434782608695652,4.0
49,179,0.2149122807017544,4.0
111,119,0.4826086956521739,4.0
87,141,0.3815789473684211,4.0
41,190,0.1774891774891775,4.0
107,119,0.47345132743362833,4.0
59,172,0.2554112554112554,4.0
78,149,0.3436123348017621,4.0
36,191,0.15859030837004406,4.0
35,190,0.15555555555555556,4.0
75,154,0.32751091703056767,4.0
80,149,0.34934497816593885,4.0
117,112,0.5109170305676856,4.0
95,139,0.405982905982906,4.0
103,123,0.4557522123893805,4.0
87,144,0.37662337662337664,4.0
40,191,0.17316017316017315,4.0
150,82,0.646551724137931,4.0
56,173,0.2445414847161572,4.0
45,185,0.1956521739130435,4.0
66,163,0.28820960698689957,4.0
87,140,0.3832599118942731,4.0
125,100,0.5555555555555556,4.0
86,141,0.3788546255506608,4.0
66,160,0.2920353982300885,4.0
121,108,0.5283842794759825,4.0
67,160,0.29515418502202645,4.0
65,163,0.2850877192982456,4.0
130,103,0.5579399141630901,6.0
106,127,0.45493562231759654,6.0
120,113,0.5150214592274678,6.0
116,117,0.4978540772532189,6.0
130,101,0.5627705627705628,6.0
114,119,0.4892703862660944,6.0
119,114,0.5107296137339056,6.0
113,117,0.49130434782608695,6.0
117,116,0.5021459227467812,6.0
131,102,0.5622317596566524,6.0
113,121,0.4829059829059829,6.0
129,103,0.5560344827586207,6.0
126,108,0.5384615384615384,6.0
112,118,0.48695652173913045,6.0
121,110,0.5238095238095238,6.0
136,96,0.5862068965517241,6.0
124,108,0.5344827586206896,6.0
111,121,0.47844827586206895,6.0
117,115,0.5043103448275862,6.0
121,111,0.521551724137931,6.0
137,93,0.5956521739130435,6.0
116,115,0.5021645021645021,6.0
112,118,0.48695652173913045,6.0
126,97,0.5650224215246636,6.0
94,134,0.41228070175438597,6.0
125,111,0.5296610169491526,6.0
121,107,0.5307017543859649,6.0
120,113,0.5150214592274678,6.0
116,117,0.4978540772532189,6.0
110,121,0.47619047619047616,6.0
122,110,0.5258620689655172,6.0
119,113,0.5129310344827587,6.0
120,112,0.5172413793103449,6.0
143,88,0.6190476190476191,6.0
130,105,0.5531914893617021,6.0
132,102,0.5641025641025641,6.0
121,114,0.5148936170212766,6.0
126,104,0.5478260869565217,6.0
124,105,0.5414847161572053,6.0
120,113,0.5150214592274678,6.0
139,97,0.5889830508474576,6.0
138,95,0.592274678111588,6.0
137,90,0.6035242290748899,6.0
127,105,0.5474137931034483,6.0
129,98,0.5682819383259912,6.0
123,112,0.5234042553191489,6.0
124,109,0.5321888412017167,6.0
126,104,0.5478260869565217,6.0
125,103,0.5482456140350878,6.0
113,126,0.47280334728033474,6.0
124,109,0.5321888412017167,8.0
115,119,0.49145299145299143,8.0
132,95,0.5814977973568282,8.0
116,112,0.5087719298245614,8.0
120,110,0.5217391304347826,8.0
124,107,0.5367965367965368,8.0
128,104,0.5517241379310345,8.0
135,101,0.5720338983050848,8.0
130,99,0.5676855895196506,8.0
113,120,0.48497854077253216,8.0
130,107,0.5485232067510548,8.0
100,133,0.4291845493562232,8.0
125,104,0.5458515283842795,8.0
114,115,0.4978165938864629,8.0
134,96,0.5826086956521739,8.0
119,113,0.5129310344827587,8.0
117,116,0.5021459227467812,8.0
104,125,0.45414847161572053,8.0
120,114,0.5128205128205128,8.0
118,114,0.5086206896551724,8.0
135,101,0.5720338983050848,8.0
119,111,0.5173913043478261,8.0
123,109,0.5301724137931034,8.0
113,116,0.49344978165938863,8.0
119,116,0.5063829787234042,8.0
111,122,0.47639484978540775,8.0
119,115,0.5085470085470085,8.0
112,120,0.4827586206896552,8.0
111,125,0.4703389830508475,8.0
121,110,0.5238095238095238,8.0
112,122,0.47863247863247865,8.0
136,94,0.591304347826087,8.0
114,118,0.49137931034482757,8.0
124,104,0.543859649122807,8.0
143,90,0.6137339055793991,8.0
121,120,0.5020746887966805,8.0
110,119,0.48034934497816595,8.0
141,93,0.6025641025641025,8.0
112,118,0.48695652173913045,8.0
109,126,0.46382978723404256,8.0
143,86,0.6244541484716157,8.0
120,111,0.5194805194805194,8.0
119,114,0.5107296137339056,8.0
135,93,0.5921052631578947,8.0
107,127,0.45726495726495725,8.0
116,114,0.5043478260869565,8.0
131,99,0.5695652173913044,8.0
121,111,0.521551724137931,8.0
115,117,0.4956896551724138,8.0
119,107,0.5265486725663717,8.0
